0 4.937733506847214
1 4.885642830548769
2 0.7030685847102103
3 3.9394385461218473
4 0.1582107072117278
5 4.800826646629247
6 2.7327766060537684
7 1.6045127407899802
8 2.631056519761368
9 3.645199098524492
10 1.6534521942344078
11 3.1438479218310365
12 3.0931688556099877
13 2.260573460851769
14 2.167224020498807
15 4.960955873190052
16 2.343672815691397
17 0.4584060489864361
18 3.1128287680033666
19 2.758107276402649
20 4.386350876451462
21 2.618820145455489
22 1.0434160356914868
23 0.5221968885680978
24 0.3597491151216414
25 2.430393672469532
26 2.4764474010022335
27 0.3583418469224259
28 0.12443931857136936
29 1.8056672606517314
30 3.6390668281942884
31 0.41283524592842347
32 4.908678927163013
33 4.509493370792469
34 1.536149629937792
35 2.9741869741197657
36 2.4774307608084944
37 3.561728591381852
38 1.1052160845735708
39 0.740471510279162
40 1.0900694041370174
41 3.384629906726726
42 3.2016770605551494
43 2.571208055709438
44 3.5037648367740615
45 2.907149809083359
46 3.679961028221549
47 1.215598552143552
48 3.1584647682926352
49 1.7776302534966542
50 1.5588282386026953
51 3.0796817487482215
52 0.8361871786228753
53 2.301803937901503
54 3.5802046098916067
55 0.7124218854703168
56 4.167724907654136
57 2.2110543744464186
58 2.266274704475564
59 1.8576134144947831
60 0.7092180341894966
61 0.5803734554329409
62 2.210733315739067
63 0.8488581426135094
64 0.4055305400123532
65 1.9324028936465765
66 4.2272969954688415
67 4.364107483223539
68 2.8389603509668055
69 2.093949150636024
70 0.8860009088936066
71 3.8182533193419026
72 1.1965673911615533
73 3.923310195600396
74 4.22247098386496
75 4.4789434922076365
76 4.130026841237068
77 1.4994627547503436
78 3.228884382605744
79 2.878416150498116
80 4.71720415433193
81 3.8449504111948967
82 4.202509426016852
83 4.5785590399827445
84 2.7370955507577532
85 0.49885631979321166
86 1.5904531619345652
87 3.83352392444341
88 1.1202115908343135
89 2.601976963333137
90 3.736565514139967
91 3.7927249665666194
92 0.7566426878708649
93 2.880769474847504
94 4.224330055752338
95 0.43092386731814425
96 0.028496236852998402
97 4.041654452417128
98 2.4573559532359583
99 1.6391926214553776
