0 -0.053129576284061564 0.2696426154059838
1 -1.9113742126950823 0.5910239220252104
2 -1.3694153501397723 0.6905012513184337
3 1.1996510264819022 0.9143090728014801
4 -0.2377703012749106 0.7102891830779017
5 0.9875746919455444 0.008222449535476128
6 0.44501781431856857 0.7633473532387991
7 1.8715029738289353 0.37914828778880827
8 -1.5376850403154712 0.07985249898999403
9 0.9604500171723003 0.7759824045355764
10 0.4773688544495638 0.3550659375467785
11 1.7020048357549658 0.8918052570976674
12 -0.36529566291388305 0.8783075412300229
13 0.805077734988882 0.5862364447089043
14 0.09792869566154483 0.17109934815678784
15 -1.5462257519196156 0.9422663525852881
16 1.8940349255996405 0.6652540443770445
17 -1.7459874677247842 0.3018376800647774
18 1.9708159341597562 0.17112646689829558
19 1.113426047637434 0.21687954474976456
