0 -1.3165429694074082 0.38477824267586014
1 1.938806118568313 0.774207140369085
2 0.34668580614729017 0.2937768201588016
3 -0.19924565407438566 0.9528848164955485
4 -1.763941953832588 0.8795958925907782
5 1.2900795593446217 0.4703675452918651
6 -0.014640165981917086 0.7036123246857197
7 1.5757591377723417 0.31128390898404157
8 -0.7501267838491295 0.7904498565002431
9 -1.542389457928592 0.31080694849663426
10 -1.6322034463659727 0.7557055306801028
11 -1.276989519836563 0.8770672745755627
12 1.5964127454991521 0.08398119475486576
13 0.4933800482637962 0.4528411163467695
14 1.9682059928269098 0.8589556483894664
15 1.3103504635455319 0.39791859791757955
16 -0.055133091231817755 0.9975701531521673
17 -0.7769968088106451 0.5797692932801793
18 -0.6388850461614459 0.4505207076636004
19 0.49071341660686985 0.9674897250947517
20 -0.40016859268540994 0.7144084313837044
21 0.6215938576764009 0.15035222861805653
22 1.6841170710668578 0.9724985452859675
23 0.535983498348052 0.5731952767715809
24 0.6316110619258501 0.1593613862829285
25 -1.0478632609031342 0.5634096217777422
26 -0.751230458514768 0.612142827492811
27 -1.4727122331682674 0.13312032277001595
28 -0.22530921379243152 0.8596810272312654
29 0.3846823647853501 0.6332091653746034
30 -1.7560017249888515 0.8622599393056483
31 -0.9708438903314347 0.13134192264945999
32 -0.3919011562362966 0.9157191463372981
33 -0.8682779679691097 0.8888484846207821
34 0.7147895080032556 0.8962368806941597
35 0.8230220287721659 0.7565900068680524
36 -0.02871420738576047 0.48347067993794735
37 0.39641249471008955 0.8240047872515043
38 0.9028678988386143 0.409935349847664
39 1.5403435292018637 0.2344698765372878
40 -0.7513128322579079 0.755676338304052
41 1.406785509066585 0.6625641424018234
42 -0.14878465121968087 0.708688798094618
43 1.2964332776825032 0.883322697918264
44 -1.3601439373025674 0.8150744608012842
45 -0.1368886208278739 0.7497899002667892
46 0.5373201749074563 0.8371635838934679
47 -0.8655554026113461 0.06614572517328432
48 1.4975821461142726 0.22461061461037846
49 -0.385726739863161 0.11695445652811942
50 1.4529023316206482 0.9054199945373167
51 1.250495635775033 0.9938228798658527
52 -1.575665767288012 0.08039484008871756
53 -0.18556649744769338 0.44229087424436797
54 -0.6849945185516395 0.9097800348637478
55 0.4236783542527487 0.0867097351742353
56 -0.21400222451080086 0.22923098633031658
57 1.208530908444351 0.03916130695414244
58 -1.7281981128771466 0.3171395078538026
59 -1.814596518736741 0.913360966571931
60 1.092847548425003 0.5414049992643108
61 0.4052783030882381 0.5870185551694139
62 -1.4824072542264246 0.14558782202935805
63 -1.7840017547287252 0.1819691398348906
64 -0.21139651684009175 0.30735629031542744
65 1.6945455152769417 0.8978952416460433
66 1.0363407395136837 0.1356601053672989
67 -1.1629126079762662 0.825364655473642
68 -0.36735655243932586 0.7627444276150612
69 1.5287489748445138 0.7806748605768993
70 0.8662159594150407 0.04642258183584447
71 0.7813085620037583 0.45994758844963124
72 1.3050391144237241 0.6556072918632652
73 0.7330186464066335 0.34780160947757777
74 1.1691314384797509 0.8150395275474247
75 -1.2183515775430447 0.2021087966556837
76 -1.880679768905682 0.2900607459802971
77 -1.5465936731721954 0.562190373390841
78 0.7002678823295625 0.45911943772729313
79 1.83418185346647 0.6305618188397895
80 -0.6885833424287617 0.339581687462679
81 1.4303498914033583 0.008327438335527959
82 -1.6274451621080512 0.08990901986940047
83 0.3944063920318448 0.5845380438026295
84 0.5132982077622605 0.9569121941981679
85 -1.2689697708607706 0.8581037644352285
86 -1.4996251709050403 0.31853284924541714
87 0.11360863808596333 0.4541841020949917
88 -0.2592979971478284 0.3038066931060649
89 1.1946302402930504 0.19087522978706928
90 -1.5853275869261032 0.7066672959488809
91 -0.0993058556637405 0.31803864505315793
92 1.2137130672174168 0.8889803864407998
93 -1.3134563682137124 0.5306104520132598
94 0.9534799924244806 0.41573470900832854
95 1.295242389891178 0.921561388371147
96 -1.6849220482711096 0.2915634779975379
97 1.3920719409284201 0.6205021701331008
98 -0.7933379410232604 0.6220225298009788
99 -1.216539459070514 0.775070760637916
